[K_EXOPL]
filter    = 'K'
echelle = 62.22
crossdisp = 35.48
norders   = 6
wrange1   = [2.34474, 2.38127] 
yrange1   = [830,990]
A1        = [2.34604537313,2.3459671554]
B1        = [3.32524506136e-05,3.37275978638e-05]
C1        = [-2.13382180931e-09,2.4501971639400005e-10] 
R1        = [30000.0,30000.0]
wrange2   = [2.27431, 2.30955] 
yrange2   = [666,800]
A2        = [2.27529520356,2.27521994577]
B2        = [3.22617449625e-05,3.2271869945e-05]
C2        = [2.26167806342e-09,2.14926655166e-09] 
R2        = [30000.0,30000.0]
wrange3   = [2.20846, 2.24218]
yrange3   = [510,632]
A3        = [2.20877341578,2.20865919194 ]
B3        = [3.1358220696e-05,3.18566285132e-05]
C3        = [2.09022661195e-09,-1.53426166706e-09]
R3        = [30000.0,30000.0]
wrange4   = [2.14638, 2.17881]
yrange4   = [370,480]
A4        = [2.14576767125,2.14577970356]
B4        = [3.42726518319e-05,3.27637123389e-05]
C4        = [-1.1423644953699999e-08,-6.22585163925e-09]
R4        = [30000.0,30000.0]
wrange5   = [2.08746,2.11882]
yrange5   = [214,350]
A5        = [2.08698425934,2.08684570211]
B5        = [2.97646755994e-05,2.95600411811e-05]
C5        = [5.65555068819e-10, 1.72895541347e-09]
R5        = [30000.0,30000.0]
wrange6   = [2.03186, 2.06194]
yrange6   = [74,220]
A6        = [2.03105004397, 2.03089255048]
B6        = [2.94141480329e-05,2.90655223806e-05]
C6        = [-1.22312310166e-09,3.7524884011800003e-10]
R6        = [30000.0,30000.0]
