[KL_EXOPL]
filter    = 'KL'
echelle = 61.90
crossdisp = 32.67
norders   = 5
wrange1   = [3.4038,3.4565] 
yrange1   = [699,858]
A1        = [3.4028504886718913,3.4028505625409151] 
B1        = [5.1142579517842506e-05,5.1142334409590567e-05]
C1        = [9.9890598607991369e-12,9.7111902077499571e-12]
R1        = [25000.0,25000.0]
wrange2   = [3.2567,3.3069] 
yrange2   = [529,655]
A2        = [3.2549070163046512,3.2547104285441542]
B2        = [4.8410541746379059e-05,4.8522322926203397e-05]
C2        = [5.279526741983191e-11,-1.2734386377437015e-10] 
R2        = [25000.0,25000.0]
wrange3   = [3.1216,3.1698] 
yrange3   = [368,483]
A3        = [3.1201710611581479,3.1199501846821254]
B3        = [4.5157388652790813e-05,4.51546363544155e-05]
C3        = [1.6548578954423512e-09,1.7408795266800384e-09] 
R3        = [25000.0,25000.0]
wrange4   = [2.997,3.044]
yrange4   = [219,323]
A4        = [2.996122264198676,2.9958123250196009]
B4        = [4.3056459137474177e-05,4.3895366306355107e-05]
C4        = [2.3732589696015207e-09,-8.5639535854418298e-10]
R4        = [25000.0,25000.0]
wrange5   = [2.8827,2.9275]
yrange5   = [74,186]
A5        = [2.8816276238875593,2.8813442893843479]
B5        = [4.1433274553407137e-05,4.1517789400434969e-05]
C5        = [2.024554332618703e-09,1.589261379079814e-09]
R5        = [25000.0,25000.0]
